  0.00000000000
  0.00000000000
  0.00000000000
  0.00000000000
  0.00000000000
  0.00000000000
  0.00000000000
  0.00000000000
  0.00000000000
  0.00000000000
  0.00000000000
  0.00000000000
  0.00000000000
  0.00000000000
  0.00000000000
  0.00000000000
 -3.88990886162
 -3.88885396248
 -3.88773825477
 -3.88629218687
 -3.88440550580
 -3.88196944485
 -3.87897837447
 -3.87544020125
 -3.87137993246
  0.00000000000
  0.00000000000
  0.00000000000
  0.00000000000
  0.00000000000
  0.00000000000
  0.00000000000
  0.00000000000
  0.00000000000
  0.00000000000
  0.00000000000
  0.00000000000
  0.00000000000
  0.00000000000
  0.00000000000
 -3.72600858773
 -3.72786839549
 -3.72782576791
 -3.72715020953
 -3.72584139645
 -3.72397846588
 -3.72153500528
 -3.71851668228
 -3.71493344439
 -3.71081745319
  0.00000000000
  0.00000000000
  0.00000000000
  0.00000000000
  0.00000000000
  0.00000000000
  0.00000000000
  0.00000000000
  0.00000000000
  0.00000000000
  0.00000000000
  0.00000000000
  0.00000000000
  0.00000000000
  0.00000000000
 -3.56869334259
 -3.56806613881
 -3.56761455335
 -3.56675768951
 -3.56552357962
 -3.56372736869
 -3.56131523669
 -3.55828598447
 -3.55465874960
 -3.55047831717
  0.00000000000
  0.00000000000
  0.00000000000
  0.00000000000
  0.00000000000
  0.00000000000
  0.00000000000
  0.00000000000
  0.00000000000
  0.00000000000
  0.00000000000
  0.00000000000
  0.00000000000
  0.00000000000
  0.00000000000
 -3.40424648544
 -3.40652813359
 -3.40702654142
 -3.40668219319
 -3.40563635048
 -3.40388298514
 -3.40145282037
 -3.39836545229
 -3.39465139117
 -3.39036871952
  0.00000000000
  0.00000000000
  0.00000000000
  0.00000000000
  0.00000000000
  0.00000000000
  0.00000000000
  0.00000000000
  0.00000000000
  0.00000000000
  0.00000000000
  0.00000000000
  0.00000000000
  0.00000000000
 -3.24590079534
 -3.24689965755
 -3.24748095561
 -3.24762150493
 -3.24723018770
 -3.24618098046
 -3.24440374758
 -3.24190582824
 -3.23871710804
 -3.23488021741
 -3.23046443601
  0.00000000000
  0.00000000000
  0.00000000000
  0.00000000000
  0.00000000000
  0.00000000000
  0.00000000000
  0.00000000000
  0.00000000000
  0.00000000000
  0.00000000000
  0.00000000000
  0.00000000000
  0.00000000000
 -3.08238031953
 -3.08536148895
 -3.08752572009
 -3.08836168184
 -3.08819222112
 -3.08714526914
 -3.08528340983
 -3.08265843979
 -3.07932069711
 -3.07532222979
 -3.07074043536
  0.00000000000
  0.00000000000
  0.00000000000
  0.00000000000
  0.00000000000
  0.00000000000
  0.00000000000
  0.00000000000
  0.00000000000
  0.00000000000
  0.00000000000
  0.00000000000
  0.00000000000
 -2.92412168498
 -2.92643197673
 -2.92836861399
 -2.92950174831
 -2.93001037947
 -2.92968450633
 -2.92849369999
 -2.92647000071
 -2.92366429095
 -2.92013304352
 -2.91593652368
 -2.91115781105
  0.00000000000
  0.00000000000
  0.00000000000
  0.00000000000
  0.00000000000
  0.00000000000
  0.00000000000
  0.00000000000
  0.00000000000
  0.00000000000
  0.00000000000
  0.00000000000
  0.00000000000
 -2.76148876591
 -2.76625412903
 -2.76938821988
 -2.77126425702
 -2.77192694222
 -2.77152531314
 -2.77015822806
 -2.76791506620
 -2.76487353686
 -2.76110460622
 -2.75667582138
 -2.75167427992
  0.00000000000
  0.00000000000
  0.00000000000
  0.00000000000
  0.00000000000
  0.00000000000
  0.00000000000
  0.00000000000
  0.00000000000
  0.00000000000
  0.00000000000
  0.00000000000
 -2.60300380076
 -2.60665572070
 -2.61013702806
 -2.61268470978
 -2.61412213316
 -2.61445760199
 -2.61374752658
 -2.61207816651
 -2.60953964403
 -2.60621363662
 -2.60217471402
 -2.59749200100
 -2.59225285566
  0.00000000000
  0.00000000000
  0.00000000000
  0.00000000000
  0.00000000000
  0.00000000000
  0.00000000000
  0.00000000000
  0.00000000000
  0.00000000000
  0.00000000000
 -2.43786826250
 -2.44350121878
 -2.44933983418
 -2.45335374665
 -2.45588774311
 -2.45713743466
 -2.45717779485
 -2.45613621418
 -2.45412935402
 -2.45126428349
 -2.44763182637
 -2.44330728023
 -2.43836026797
 -2.43287457421
  0.00000000000
  0.00000000000
  0.00000000000
  0.00000000000
  0.00000000000
  0.00000000000
  0.00000000000
  0.00000000000
  0.00000000000
  0.00000000000
  0.00000000000
 -2.28122010740
 -2.28743439188
 -2.29302351201
 -2.29707859905
 -2.29948925004
 -2.30042688746
 -2.30009633264
 -2.29867140211
 -2.29629420087
 -2.29307914435
 -2.28911875209
 -2.28448904263
 -2.27925558198
 -2.27349950356
  0.00000000000
  0.00000000000
  0.00000000000
  0.00000000000
  0.00000000000
  0.00000000000
  0.00000000000
  0.00000000000
  0.00000000000
  0.00000000000
 -2.12144104655
 -2.12853724619
 -2.13493270690
 -2.13963890815
 -2.14268700513
 -2.14423272816
 -2.14443285102
 -2.14346358387
 -2.14147862528
 -2.13860673440
 -2.13495249932
 -2.13060137859
 -2.12562273972
 -2.12007950130
 -2.11404664739
  0.00000000000
  0.00000000000
  0.00000000000
  0.00000000000
  0.00000000000
  0.00000000000
  0.00000000000
  0.00000000000
  0.00000000000
  0.00000000000
 -1.96394856117
 -1.97326723577
 -1.98004645486
 -1.98449308897
 -1.98707798146
 -1.98807050707
 -1.98772715423
 -1.98625340529
 -1.98381398468
 -1.98054009958
 -1.97653113945
 -1.97186639353
 -1.96660857834
 -1.96081206573
 -1.95454162239
  0.00000000000
  0.00000000000
  0.00000000000
  0.00000000000
  0.00000000000
  0.00000000000
  0.00000000000
  0.00000000000
  0.00000000000
 -1.80298893707
 -1.81248468723
 -1.82075362196
 -1.82661168782
 -1.83027885721
 -1.83208703108
 -1.83237357720
 -1.83140387640
 -1.82938119993
 -1.82645745924
 -1.82274860716
 -1.81834198558
 -1.81330598709
 -1.80769585454
 -1.80156011837
 -1.79496317068
  0.00000000000
  0.00000000000
  0.00000000000
  0.00000000000
  0.00000000000
  0.00000000000
  0.00000000000
  0.00000000000
 -1.64297301890
 -1.65334094531
 -1.66280207794
 -1.66959522012
 -1.67404185429
 -1.67646308321
 -1.67722685223
 -1.67663265714
 -1.67490932260
 -1.67223036365
 -1.66872693508
 -1.66450028853
 -1.65963039085
 -1.65418186162
 -1.64820741732
 -1.64175627084
 -1.63488904680
  0.00000000000
  0.00000000000
  0.00000000000
  0.00000000000
  0.00000000000
  0.00000000000
  0.00000000000
 -1.48041944569
 -1.49231499802
 -1.50383381421
 -1.51204964421
 -1.51730260901
 -1.52032420704
 -1.52155851126
 -1.52134910111
 -1.51995306991
 -1.51756263586
 -1.51432403113
 -1.51034839801
 -1.50572304349
 -1.50051646521
 -1.49478476850
 -1.48857143424
 -1.48191548537
 -1.47486728661
  0.00000000000
  0.00000000000
  0.00000000000
  0.00000000000
  0.00000000000
  0.00000000000
 -1.31648337926
 -1.32948553635
 -1.34397220236
 -1.35367818042
 -1.36020041705
 -1.36412264541
 -1.36597456405
 -1.36621251834
 -1.36516493683
 -1.36306734317
 -1.36008791627
 -1.35635173978
 -1.35195321312
 -1.34696372925
 -1.34143937161
 -1.33542424696
 -1.32895391333
 -1.32206110410
 -1.31478960415
  0.00000000000
  0.00000000000
  0.00000000000
  0.00000000000
  0.00000000000
  0.00000000000
 -1.16673660000
 -1.18212246282
 -1.19442725971
 -1.20264509250
 -1.20765866155
 -1.21023867353
 -1.21099600008
 -1.21034179094
 -1.20855663763
 -1.20583892570
 -1.20233216230
 -1.19814212829
 -1.19334696674
 -1.18800811484
 -1.18217286584
 -1.17587875631
 -1.16915689244
 -1.16203613256
 -1.15455705132
  0.00000000000
  0.00000000000
  0.00000000000
  0.00000000000
 -0.98824471613
 -1.00464855933
 -1.02011044321
 -1.03371257786
 -1.04371541404
 -1.05021152284
 -1.05386897613
 -1.05537799721
 -1.05525319386
 -1.05385820260
 -1.05144597816
 -1.04819166957
 -1.04422132922
 -1.03962659831
 -1.03447536413
 -1.02882015994
 -1.02270180428
 -1.01615325415
 -1.00920055021
 -1.00186891865
 -0.99419431828
  0.00000000000
  0.00000000000
  0.00000000000
 -0.83655327931
 -0.85209921210
 -0.86774305327
 -0.87990382131
 -0.88836099028
 -0.89410693970
 -0.89775432519
 -0.89959930724
 -0.89989530231
 -0.89889499356
 -0.89682113322
 -0.89385267469
 -0.89012761114
 -0.88574921547
 -0.88079567933
 -0.87532586778
 -0.86938516394
 -0.86300959246
 -0.85622636090
 -0.84906000184
 -0.84153163797
 -0.83367432287
  0.00000000000
 -0.67692468002
 -0.69265787650
 -0.71005353761
 -0.72300906163
 -0.73124718333
 -0.73693296968
 -0.74097424960
 -0.74357334921
 -0.74486916572
 -0.74499105182
 -0.74404725910
 -0.74214347573
 -0.73938740381
 -0.73588055036
 -0.73171260115
 -0.72695804524
 -0.72167759483
 -0.71591736466
 -0.70971677069
 -0.70310563211
 -0.69610840979
 -0.68874524714
 -0.68103612256
 -0.67301019634
 -0.55258407465
 -0.56627486004
 -0.57345079241
 -0.57875527566
 -0.58350277012
 -0.58717838991
 -0.58960597147
 -0.59097251245
 -0.59142213659
 -0.59101414706
 -0.58978690760
 -0.58778316334
 -0.58505147855
 -0.58164499016
 -0.57761770795
 -0.57302309297
 -0.56790921710
 -0.56231863412
 -0.55628736946
 -0.54984443445
 -0.54301469018
 -0.53581841809
 -0.52827313728
 -0.52039561495
 -0.51221276377
 -0.42923742865
 -0.43215505289
 -0.43458676493
 -0.43643953529
 -0.43785864364
 -0.43879209774
 -0.43911134069
 -0.43876632077
 -0.43776718511
 -0.43613329629
 -0.43387964417
 -0.43102428097
 -0.42758984612
 -0.42360408454
 -0.41909747084
 -0.41410154137
 -0.40864699160
 -0.40276209262
 -0.39647241596
 -0.38980043915
 -0.38276444185
 -0.37538099458
 -0.36766444951
 -0.35962874832
 -0.35129862788
 -0.28807778418
 -0.28802369628
 -0.28820852166
 -0.28829627913
 -0.28808422934
 -0.28748354254
 -0.28643769748
 -0.28490649913
 -0.28287288998
 -0.28033397068
 -0.27729302401
 -0.27375797208
 -0.26974146631
 -0.26525756826
 -0.26032510260
 -0.25496348078
 -0.24919293596
 -0.24303161974
 -0.23649802386
 -0.22960834493
 -0.22237708280
 -0.21481608255
 -0.20693663242
 -0.19875218515
 -0.19028189207
 -0.13954334003
 -0.13910169486
 -0.13829697230
 -0.13723550122
 -0.13591194674
 -0.13426467083
 -0.13224912865
 -0.12983876460
 -0.12701630400
 -0.12377264043
 -0.12010568968
 -0.11601714143
 -0.11151325257
 -0.10660305059
 -0.10129795691
 -0.09560941561
 -0.08955077741
 -0.08313534151
 -0.07637465186
 -0.06928087335
 -0.06186477698
 -0.05413565367
 -0.04610292613
 -0.03777592475
 -0.02917287512
