  0.00000000004
  0.00000000004
  0.00000000004
  0.00000000004
  0.00000000004
  0.00000000004
  0.00000000004
  0.00000000004
  0.00000000004
  0.00000000007
  0.00000002080
  0.00000278312
  0.00012521223
  0.00222299743
  0.01861831788
  0.07985377476
  0.19629405695
  0.32527750247
  0.43139766500
  0.51386993126
  0.57920475663
  0.63180403934
  0.67477451100
  0.71039068699
  0.74052137357
  0.00000000004
  0.00000000004
  0.00000000004
  0.00000000004
  0.00000000004
  0.00000000004
  0.00000000004
  0.00000000004
  0.00000000005
  0.00000000081
  0.00000019412
  0.00001653019
  0.00048748168
  0.00630129879
  0.03970100203
  0.13296914341
  0.27028240814
  0.39719613667
  0.49414066781
  0.56843962947
  0.62687154965
  0.67355165916
  0.71140681247
  0.74258732598
  0.76884298777
  0.00000000004
  0.00000000004
  0.00000000004
  0.00000000004
  0.00000000004
  0.00000000004
  0.00000000004
  0.00000000004
  0.00000000006
  0.00000001309
  0.00000200142
  0.00010041547
  0.00194364806
  0.01756492058
  0.08037980079
  0.20710194508
  0.35146409638
  0.46807960965
  0.55476323304
  0.62065524892
  0.67182786554
  0.71233542412
  0.74499523729
  0.77179972201
  0.79432266427
  0.00000000004
  0.00000000004
  0.00000000004
  0.00000000004
  0.00000000004
  0.00000000004
  0.00000000004
  0.00000000005
  0.00000000047
  0.00000012948
  0.00001245455
  0.00040831219
  0.00573937785
  0.03893362408
  0.13835823401
  0.29185484207
  0.43416502418
  0.53786886995
  0.61292308574
  0.66941721018
  0.71302478257
  0.74742305067
  0.77509968355
  0.79779473280
  0.81686677687
  0.00000000004
  0.00000000004
  0.00000000004
  0.00000000004
  0.00000000004
  0.00000000004
  0.00000000005
  0.00000000006
  0.00000001256
  0.00000201747
  0.00010395134
  0.00206376795
  0.01906528163
  0.08874665300
  0.23069573559
  0.39079348412
  0.51508218796
  0.60252097034
  0.66593321270
  0.71338010187
  0.74982246085
  0.77851052227
  0.80159698782
  0.82056185508
  0.83654186815
  0.00000000004
  0.00000000004
  0.00000000004
  0.00000000004
  0.00000000004
  0.00000000004
  0.00000000005
  0.00000000064
  0.00000017740
  0.00001637350
  0.00051702161
  0.00706584360
  0.04667811947
  0.16170414830
  0.33306081697
  0.48497644050
  0.58979817573
  0.66171345468
  0.71353418958
  0.75222322343
  0.78199045449
  0.80550857292
  0.82452247815
  0.84022284469
  0.85352122309
  0.00000000004
  0.00000000004
  0.00000000004
  0.00000000004
  0.00000000004
  0.00000000005
  0.00000000007
  0.00000002194
  0.00000325882
  0.00015364395
  0.00286540585
  0.02503231533
  0.11059395553
  0.27438445623
  0.44729947119
  0.57265280974
  0.65559268761
  0.71297630423
  0.75442993286
  0.78547516736
  0.80948303551
  0.82857053379
  0.84411111957
  0.85703776585
  0.86806440378
  0.00000000004
  0.00000000004
  0.00000000004
  0.00000000004
  0.00000000004
  0.00000000006
  0.00000000160
  0.00000039485
  0.00003102919
  0.00086483809
  0.01069466455
  0.06443294616
  0.20557230012
  0.39601267998
  0.54987282704
  0.64831082714
  0.71235113435
  0.75680733075
  0.78913361568
  0.81358284227
  0.83269558991
  0.84805809319
  0.86069879604
  0.87131833499
  0.88045811028
  0.00000000004
  0.00000000004
  0.00000000004
  0.00000000004
  0.00000000005
  0.00000000021
  0.00000007283
  0.00000857255
  0.00032819038
  0.00523403680
  0.03969653197
  0.15438553457
  0.34474863199
  0.52155620320
  0.63796092318
  0.71050632026
  0.75873590601
  0.79266378705
  0.81766119658
  0.83682743860
  0.85201098307
  0.86437073458
  0.87466206139
  0.88340344097
  0.89100088125
  0.00000000004
  0.00000000004
  0.00000000004
  0.00000000005
  0.00000000008
  0.00000000838
  0.00000156630
  0.00009082039
  0.00201139300
  0.02045862717
  0.10308390250
  0.28200842753
  0.48399979321
  0.62558250219
  0.70906244849
  0.76127301772
  0.79665077127
  0.82203166729
  0.84111447682
  0.85602810198
  0.86805294078
  0.87799948149
  0.88640137701
  0.89362940337
  0.89998013518
  0.00000000004
  0.00000000004
  0.00000000005
  0.00000000007
  0.00000000156
  0.00000040591
  0.00003272245
  0.00093132850
  0.01172514491
  0.07165125491
  0.23036261587
  0.44294804157
  0.60793249502
  0.70507682453
  0.76273957637
  0.80012817437
  0.82611540987
  0.84522271299
  0.85992257919
  0.87164910790
  0.88127615223
  0.88936458898
  0.89628923360
  0.90231503780
  0.90765989429
  0.00000000004
  0.00000000004
  0.00000000006
  0.00000000030
  0.00000010392
  0.00001161807
  0.00042722039
  0.00664072317
  0.04912128921
  0.18594736888
  0.40307850598
  0.59117694529
  0.70295863009
  0.76573124571
  0.80463113440
  0.83087263238
  0.84976416467
  0.86409077312
  0.87540674074
  0.88463703902
  0.89235882761
  0.89895087484
  0.90467176442
  0.90970851039
  0.91422003334
  0.00000000004
  0.00000000006
  0.00000000011
  0.00000002058
  0.00000328170
  0.00016320782
  0.00325108543
  0.03009840400
  0.13883966938
  0.35093310994
  0.56490285546
  0.69781802409
  0.76802684224
  0.80886254265
  0.83543216437
  0.85411538250
  0.86806408672
  0.87897154541
  0.88781049901
  0.89517638794
  0.90145050516
  0.90688930613
  0.91167207747
  0.91593180991
  0.91978541860
  0.00000000005
  0.00000000009
  0.00000000762
  0.00000149875
  0.00009025974
  0.00208280143
  0.02195324197
  0.11382270144
  0.31665062545
  0.54371554621
  0.69293288332
  0.77038405340
  0.81320682791
  0.84002787114
  0.85841983004
  0.87193811038
  0.88240911494
  0.89084853450
  0.89786025516
  0.90382603175
  0.90899770608
  0.91354936447
  0.91760580397
  0.92126191875
  0.92460383234
  0.00000000009
  0.00000000309
  0.00000071347
  0.00005166404
  0.00137143161
  0.01633504423
  0.09454355816
  0.28799461059
  0.52597602558
  0.69038397281
  0.77403611343
  0.81800127260
  0.84464579019
  0.86258281977
  0.87561744478
  0.88564972107
  0.89370883159
  0.90039667640
  0.90608681517
  0.91102434886
  0.91537613764
  0.91926058061
  0.92276438832
  0.92595489605
  0.92889558066
  0.00000000128
  0.00000034048
  0.00002946139
  0.00089660636
  0.01204001827
  0.07770862486
  0.25953674430
  0.50602449286
  0.68670970028
  0.77775956637
  0.82310622669
  0.84956583435
  0.86699980042
  0.87951093343
  0.88907208495
  0.89672743006
  0.90307334161
  0.90847429404
  0.91316503634
  0.91730458324
  0.92100414344
  0.92434449706
  0.92738611190
  0.93017722775
  0.93276557427
  0.00000017222
  0.00001741726
  0.00059859485
  0.00898340721
  0.06419146046
  0.23400907231
  0.48651062752
  0.68326314817
  0.78216883272
  0.82873212087
  0.85475907084
  0.87154355592
  0.88345569310
  0.89251286736
  0.89974799654
  0.90574209844
  0.91084548459
  0.91528222974
  0.91920226287
  0.92271054674
  0.92588262436
  0.92877483015
  0.93143041784
  0.93388491065
  0.93617498103
  0.00001408374
  0.00051101664
  0.00804562089
  0.06005987192
  0.22728523496
  0.48536674445
  0.69048452095
  0.79171775111
  0.83680303802
  0.86105573735
  0.87655701975
  0.88757751470
  0.89599303447
  0.90274562150
  0.90836098831
  0.91315737368
  0.91733877625
  0.92104257660
  0.92436475820
  0.92737506555
  0.93012530140
  0.93265516590
  0.93499589031
  0.93717381129
  0.93921726747
  0.00118258828
  0.01531951762
  0.09535670215
  0.30631747275
  0.57311460614
  0.74791918898
  0.82195874114
  0.85351029410
  0.87128790829
  0.88343315060
  0.89259316383
  0.89989860552
  0.90593690064
  0.91105820366
  0.91548975752
  0.91938747969
  0.92286179727
  0.92599305334
  0.92884085433
  0.93145066115
  0.93385757126
  0.93608936149
  0.93816850497
  0.94011454993
  0.94194955717
  0.07235402121
  0.26382044471
  0.54183257007
  0.74259828427
  0.82691863639
  0.85799663794
  0.87366128688
  0.88412679585
  0.89218281899
  0.89885480415
  0.90458613721
  0.90959899458
  0.91402959696
  0.91797726715
  0.92152078324
  0.92472452652
  0.92764106386
  0.93031316334
  0.93277540040
  0.93505600566
  0.93717796428
  0.93916026940
  0.94101885828
  0.94276814134
  0.94442531432
  0.68937245006
  0.81469887268
  0.85565646472
  0.87181269162
  0.88165633896
  0.88900870279
  0.89508609303
  0.90041165066
  0.90520813579
  0.90958035048
  0.91358948463
  0.91727625671
  0.92067079686
  0.92379900345
  0.92668545864
  0.92935415227
  0.93182790013
  0.93412773663
  0.93627243685
  0.93827862651
  0.94016073639
  0.94193133482
  0.94360144989
  0.94518154304
  0.94668496673
  0.88797349120
  0.89015597868
  0.89260134681
  0.89577091976
  0.89950077782
  0.90339341428
  0.90718978506
  0.91080534798
  0.91423266826
  0.91747818084
  0.92054625994
  0.92344052085
  0.92616565446
  0.92872791924
  0.93113504395
  0.93339608808
  0.93552095736
  0.93751987553
  0.93940283173
  0.94117939645
  0.94285842664
  0.94444806585
  0.94595580943
  0.94738916902
  0.94875850497
  0.89908675164
  0.90141403217
  0.90409415950
  0.90692568160
  0.90980481429
  0.91269020645
  0.91554449940
  0.91833260317
  0.92103151672
  0.92362963356
  0.92612123520
  0.92850335964
  0.93077494973
  0.93293671552
  0.93499090267
  0.93694109030
  0.93879184447
  0.94054838050
  0.94221618453
  0.94380086824
  0.94530791484
  0.94674261793
  0.94811007416
  0.94941568880
  0.95066755332
  0.90806967856
  0.91025083084
  0.91250211132
  0.91482602449
  0.91719166093
  0.91956119438
  0.92190601562
  0.92420684828
  0.92645022569
  0.92862676057
  0.93073014113
  0.93275642029
  0.93470343896
  0.93657046936
  0.93835793908
  0.94006729302
  0.94170078171
  0.94326125130
  0.94475188760
  0.94617612713
  0.94753747399
  0.94883944957
  0.95008558048
  0.95127981581
  0.95242856490
  0.91494617908
  0.91689971016
  0.91890780235
  0.92094297988
  0.92298393544
  0.92501551923
  0.92702416897
  0.92899801950
  0.93092783870
  0.93280696047
  0.93463060648
  0.93639548386
  0.93809954003
  0.93974177648
  0.94132204750
  0.94284095584
  0.94429970635
  0.94569997397
  0.94704373424
  0.94833321324
  0.94957075353
  0.95075878131
  0.95189980572
  0.95299678460
  0.95405489334
