   0.9900498337    0.0000000000    0.9900498337    0.0000000000
   0.9900498337    0.0000000000    0.9900498337    0.0000000000
   0.9900498337    0.0000000000    0.9900498337    0.0000000000
   0.9900498337    0.0000000000    0.9900498337    0.0000000000
   0.9900498337    0.0000000000    0.9900498337    0.0000000000
   0.9900498337    0.0000000000    0.9900498337    0.0000000000
   0.9900498337    0.0000000000    0.9900498337    0.0000000000
   0.9900498337    0.0000000000    0.9900498337    0.0000000000
   0.9900498337    0.0000000000    0.9900498337    0.0000000000
   0.9900498337    0.0000000001    0.9900498337    0.0000000000
   0.9900498337    0.0000000208    0.9900498337    0.0000000000
   0.9900498337    0.0000027831    0.9900498337    0.0000000000
   0.9900498337    0.0002785717    0.9900498337    0.0002728039
   0.9900498337    0.0041935093    0.9900498337    0.0041886878
   0.9900498337    0.0296591998    0.9900498337    0.0296630839
   0.9900498337    0.1102612765    0.9900498337    0.1102949711
   0.2423321102    0.2423321102    0.2424190005    0.2424190005
   0.3726672792    0.3726672792    0.3728134633    0.3728134633
   0.4737899446    0.4737899446    0.4739891513    0.4739891513
   0.5513026231    0.5513026231    0.5515476968    0.5515476968
   0.6125011219    0.6125011219    0.6127860323    0.6127860323
   0.6616388257    0.6616388257    0.6619583961    0.6619583961
   0.7016558007    0.7016558007    0.7020056310    0.7020056310
   0.7347241862    0.7347241862    0.7351005973    0.7351005973
   0.7626238989    0.7626238989    0.7630239515    0.7630239515
   0.9900498337    0.0000000000    0.9900498337    0.0000000000
   0.9900498337    0.0000000000    0.9900498337    0.0000000000
   0.9900498337    0.0000000000    0.9900498337    0.0000000000
   0.9900498337    0.0000000000    0.9900498337    0.0000000000
   0.9900498337    0.0000000000    0.9900498337    0.0000000000
   0.9900498337    0.0000000000    0.9900498337    0.0000000000
   0.9900498337    0.0000000000    0.9900498337    0.0000000000
   0.9900498337    0.0000000000    0.9900498337    0.0000000000
   0.9900498337    0.0000000000    0.9900498337    0.0000000000
   0.9900498337    0.0000000027    0.9900498337    0.0000000000
   0.9900498337    0.0000004708    0.9900498337    0.0000000000
   0.9900498337    0.0000513820    0.9900498337    0.0000456501
   0.9900498337    0.0012693468    0.9900498337    0.0012634691
   0.9900498337    0.0128016954    0.9900498337    0.0127996713
   0.9900498337    0.0644280514    0.9900498337    0.0644453260
   0.1796806904    0.1796806904    0.1797442494    0.1797442494
   0.3217683811    0.3217683811    0.3218947318    0.3218947318
   0.4423089689    0.4423089689    0.4424958537    0.4424958537
   0.5330060590    0.5330060590    0.5332446393    0.5332446393
   0.6024488386    0.6024488386    0.6027312718    0.6027312718
   0.6567467331    0.6567467331    0.6570665039    0.6570665039
   0.6999476321    0.6999476321    0.7002993778    0.7002993778
   0.7349046340    0.7349046340    0.7352839759    0.7352839759
   0.7636647488    0.7636647488    0.7640681298    0.7640681298
   0.7878581032    0.7878581032    0.7882827371    0.7882827371
   0.9900498337    0.0000000000    0.9900498337    0.0000000000
   0.9900498337    0.0000000000    0.9900498337    0.0000000000
   0.9900498337    0.0000000000    0.9900498337    0.0000000000
   0.9900498337    0.0000000000    0.9900498337    0.0000000000
   0.9900498337    0.0000000000    0.9900498337    0.0000000000
   0.9900498337    0.0000000000    0.9900498337    0.0000000000
   0.9900498337    0.0000000000    0.9900498337    0.0000000000
   0.9900498337    0.0000000000    0.9900498337    0.0000000000
   0.9900498337    0.0000000000    0.9900498337    0.0000000000
   0.9900498337    0.0000000273    0.9900498337    0.0000000000
   0.9900498337    0.0000030321    0.9900498337    0.0000000000
   0.9900498337    0.0002438079    0.9900498337    0.0002371353
   0.9900498337    0.0038590463    0.9900498337    0.0038533268
   0.9900498337    0.0289668995    0.9900498337    0.0289707159
   0.9900498337    0.1125801041    0.9900498337    0.1126179461
   0.2558734181    0.2558734181    0.2559737373    0.2559737373
   0.4004472742    0.4004472742    0.4006173058    0.4006173058
   0.5099257872    0.5099257872    0.5101555929    0.5101555929
   0.5901070228    0.5901070228    0.5903858355    0.5903858355
   0.6507613828    0.6507613828    0.6510808077    0.6510808077
   0.6977696150    0.6977696150    0.6981230590    0.6981230590
   0.7349723869    0.7349723869    0.7353546430    0.7353546430
   0.7649820133    0.7649820133    0.7653889484    0.7653889484
   0.7896298227    0.7896298227    0.7900581457    0.7900581457
   0.8103487209    0.8103487209    0.8107958894    0.8107958894
   0.9900498337    0.0000000000    0.9900498337    0.0000000000
   0.9900498337    0.0000000000    0.9900498337    0.0000000000
   0.9900498337    0.0000000000    0.9900498337    0.0000000000
   0.9900498337    0.0000000000    0.9900498337    0.0000000000
   0.9900498337    0.0000000000    0.9900498337    0.0000000000
   0.9900498337    0.0000000000    0.9900498337    0.0000000000
   0.9900498337    0.0000000000    0.9900498337    0.0000000000
   0.9900498337    0.0000000000    0.9900498337    0.0000000000
   0.9900498337    0.0000000018    0.9900498337    0.0000000000
   0.9900498337    0.0000003604    0.9900498337    0.0000000000
   0.9900498337    0.0000428139    0.9900498337    0.0000359413
   0.9900498337    0.0011651624    0.9900498337    0.0011580348
   0.9900498337    0.0123551919    0.9900498337    0.0123522365
   0.9900498337    0.0656237714    0.9900498337    0.0656428719
   0.9900498337    0.1904652271    0.9900498337    0.1905390736
   0.3491875459    0.3491875459    0.3493364582    0.3493364582
   0.4805613114    0.4805613114    0.4807793032    0.4807793032
   0.5747038395    0.5747038395    0.5749774466    0.5749774466
   0.6432811316    0.6432811316    0.6435994227    0.6435994227
   0.6949293657    0.6949293657    0.6952841676    0.6952841676
   0.7348055215    0.7348055215    0.7351905887    0.7351905887
   0.7663002469    0.7663002469    0.7667107698    0.7667107698
   0.7916905236    0.7916905236    0.7921227588    0.7921227588
   0.8125578785    0.8125578785    0.8130088899    0.8130088899
   0.8301244748    0.8301244748    0.8305920175    0.8305920175
   0.9900498337    0.0000000000    0.9900498337    0.0000000000
   0.9900498337    0.0000000000    0.9900498337    0.0000000000
   0.9900498337    0.0000000000    0.9900498337    0.0000000000
   0.9900498337    0.0000000000    0.9900498337    0.0000000000
   0.9900498337    0.0000000000    0.9900498337    0.0000000000
   0.9900498337    0.0000000000    0.9900498337    0.0000000000
   0.9900498337    0.0000000000    0.9900498337    0.0000000000
   0.9900498337    0.0000000000    0.9900498337    0.0000000000
   0.9900498337    0.0000000294    0.9900498337    0.0000000000
   0.9900498337    0.0000033263    0.9900498337    0.0000000000
   0.9900498337    0.0002604935    0.9900498337    0.0002526715
   0.9900498337    0.0042388324    0.9900498337    0.0042322094
   0.9900498337    0.0320102629    0.9900498337    0.0320152756
   0.9900498337    0.1249962907    0.9900498337    0.1250425960
   0.2836746692    0.2836746692    0.2837955418    0.2837955418
   0.4403646491    0.4403646491    0.4405655775    0.4405655775
   0.5544216701    0.5544216701    0.5546875843    0.5546875843
   0.6337750903    0.6337750903    0.6340911823    0.6340911823
   0.6912885777    0.6912885777    0.6916443196    0.6916443196
   0.7343725302    0.7343725302    0.7347602808    0.7347602808
   0.7675768940    0.7675768940    0.7679910022    0.7679910022
   0.7938258125    0.7938258125    0.7942620267    0.7942620267
   0.8150409693    0.8150409693    0.8154960299    0.8154960299
   0.8325389827    0.8325389827    0.8330103577    0.8330103577
   0.8473266661    0.8473266661    0.8478124306    0.8478124306
   0.9900498337    0.0000000000    0.9900498337    0.0000000000
   0.9900498337    0.0000000000    0.9900498337    0.0000000000
   0.9900498337    0.0000000000    0.9900498337    0.0000000000
   0.9900498337    0.0000000000    0.9900498337    0.0000000000
   0.9900498337    0.0000000000    0.9900498337    0.0000000000
   0.9900498337    0.0000000000    0.9900498337    0.0000000000
   0.9900498337    0.0000000000    0.9900498337    0.0000000000
   0.9900498337    0.0000000022    0.9900498337    0.0000000000
   0.9900498337    0.0000004391    0.9900498337    0.0000000000
   0.9900498337    0.0000491810    0.9900498337    0.0000409826
   0.9900498337    0.0013617012    0.9900498337    0.0013533130
   0.9900498337    0.0144170039    0.9900498337    0.0144140294
   0.9900498337    0.0757074887    0.9900498337    0.0757322452
   0.9900498337    0.2165079264    0.9900498337    0.2165994341
   0.3907007866    0.3907007866    0.3908801214    0.3908801214
   0.5290965766    0.5290965766    0.5293522832    0.5293522832
   0.6222591684    0.6222591684    0.6225719717    0.6225719717
   0.6868056769    0.6868056769    0.6871618830    0.6871618830
   0.7336205573    0.7336205573    0.7340108147    0.7340108147
   0.7687727867    0.7687727867    0.7691904445    0.7691904445
   0.7959827210    0.7959827210    0.7964229388    0.7964229388
   0.8176074714    0.8176074714    0.8180666435    0.8180666435
   0.8351870676    0.8351870676    0.8356624470    0.8356624470
   0.8497740267    0.8497740267    0.8502634879    0.8502634879
   0.8621731402    0.8621731402    0.8626750696    0.8626750696
   0.9900498337    0.0000000000    0.9900498337    0.0000000000
   0.9900498337    0.0000000000    0.9900498337    0.0000000000
   0.9900498337    0.0000000000    0.9900498337    0.0000000000
   0.9900498337    0.0000000000    0.9900498337    0.0000000000
   0.9900498337    0.0000000000    0.9900498337    0.0000000000
   0.9900498337    0.0000000000    0.9900498337    0.0000000000
   0.9900498337    0.0000000000    0.9900498337    0.0000000000
   0.9900498337    0.0000000512    0.9900498337    0.0000000000
   0.9900498337    0.0000052552    0.9900498337    0.0000000000
   0.9900498337    0.0003891643    0.9900498337    0.0003799617
   0.9900498337    0.0057730305    0.9900498337    0.0057658294
   0.9900498337    0.0411578388    0.9900498337    0.0411668387
   0.9900498337    0.1521463778    0.9900498337    0.1522085987
   0.3299664043    0.3299664043    0.3301180114    0.3301180114
   0.4944197344    0.4944197344    0.4946601494    0.4946601494
   0.6067029559    0.6067029559    0.6070101910    0.6070101910
   0.6807718165    0.6807718165    0.6811276055    0.6811276055
   0.7323219138    0.7323219138    0.7327143785    0.7327143785
   0.7698310059    0.7698310059    0.7702521492    0.7702521492
   0.7981545907    0.7981545907    0.7985988310    0.7985988310
   0.8202347495    0.8202347495    0.8206980731    0.8206980731
   0.8379203340    0.8379203340    0.8383997711    0.8383997711
   0.8524147656    0.8524147656    0.8529080606    0.8529080606
   0.8645387489    0.8645387489    0.8650441568    0.8650441568
   0.8749214374    0.8749214374    0.8754376312    0.8754376312
   0.9900498337    0.0000000000    0.9900498337    0.0000000000
   0.9900498337    0.0000000000    0.9900498337    0.0000000000
   0.9900498337    0.0000000000    0.9900498337    0.0000000000
   0.9900498337    0.0000000000    0.9900498337    0.0000000000
   0.9900498337    0.0000000000    0.9900498337    0.0000000000
   0.9900498337    0.0000000000    0.9900498337    0.0000000000
   0.9900498337    0.0000000056    0.9900498337    0.0000000000
   0.9900498337    0.0000009421    0.9900498337    0.0000000000
   0.9900498337    0.0000993336    0.9900498337    0.0000895779
   0.9900498337    0.0022132134    0.9900498337    0.0022037942
   0.9900498337    0.0211226448    0.9900498337    0.0211219027
   0.9900498337    0.1011319727    0.9900498337    0.1011702576
   0.9900498337    0.2667166259    0.9900498337    0.2668388748
   0.4521955370    0.4521955370    0.4524170134    0.4524170134
   0.5876773957    0.5876773957    0.5879773960    0.5879773960
   0.6737689355    0.6737689355    0.6741238444    0.6741238444
   0.7307830423    0.7307830423    0.7311776055    0.7311776055
   0.7708939461    0.7708939461    0.7713185837    0.7713185837
   0.8003893535    0.8003893535    0.8008376496    0.8008376496
   0.8229295590    0.8229295590    0.8233970663    0.8233970663
   0.8407116814    0.8407116814    0.8411952014    0.8411952014
   0.8551179424    0.8551179424    0.8556151014    0.8556151014
   0.8670511914    0.8670511914    0.8675601778    0.8675601778
   0.8771311814    0.8771311814    0.8776505859    0.8776505859
   0.8858387224    0.8858387224    0.8863674676    0.8863674676
   0.9900498337    0.0000000000    0.9900498337    0.0000000000
   0.9900498337    0.0000000000    0.9900498337    0.0000000000
   0.9900498337    0.0000000000    0.9900498337    0.0000000000
   0.9900498337    0.0000000000    0.9900498337    0.0000000000
   0.9900498337    0.0000000000    0.9900498337    0.0000000000
   0.9900498337    0.0000000000    0.9900498337    0.0000000000
   0.9900498337    0.0000001469    0.9900498337    0.0000000000
   0.9900498337    0.0000102920    0.9900498337    0.0000013352
   0.9900498337    0.0007509708    0.9900498337    0.0007403780
   0.9900498337    0.0096845528    0.9900498337    0.0096779010
   0.9900498337    0.0608741514    0.9900498337    0.0608927898
   0.9900498337    0.2013759188    0.9900498337    0.2014665139
   0.3983720514    0.3983720514    0.3985677446    0.3985677446
   0.5613725309    0.5613725309    0.5616609798    0.5616609798
   0.6638837436    0.6638837436    0.6642359475    0.6642359475
   0.7281993534    0.7281993534    0.7285953129    0.7285953129
   0.7715960583    0.7715960583    0.7720239371    0.7720239371
   0.8025447456    0.8025447456    0.8029970338    0.8029970338
   0.8256389529    0.8256389529    0.8261106429    0.8261106429
   0.8435423807    0.8435423807    0.8440299966    0.8440299966
   0.8578591710    0.8578591710    0.8583602031    0.8583602031
   0.8696056559    0.8696056559    0.8701182326    0.8701182326
   0.8794505353    0.8794505353    0.8799732197    0.8799732197
   0.8878568058    0.8878568058    0.8883884736    0.8883884736
   0.8951883309    0.8951883309    0.8957281168    0.8957281168
   0.9900498337    0.0000000000    0.9900498337    0.0000000000
   0.9900498337    0.0000000000    0.9900498337    0.0000000000
   0.9900498337    0.0000000000    0.9900498337    0.0000000000
   0.9900498337    0.0000000000    0.9900498337    0.0000000000
   0.9900498337    0.0000000000    0.9900498337    0.0000000000
   0.9900498337    0.0000000266    0.9900498337    0.0000000000
   0.9900498337    0.0000033042    0.9900498337    0.0000000000
   0.9900498337    0.0002716075    0.9900498337    0.0002602712
   0.9900498337    0.0046918582    0.9900498337    0.0046822010
   0.9900498337    0.0373559632    0.9900498337    0.0373626166
   0.9900498337    0.1506049263    0.9900498337    0.1506704247
   0.3455287159    0.3455287159    0.3456989243    0.3456989243
   0.5315502755    0.5315502755    0.5318255093    0.5318255093
   0.6529125156    0.6529125156    0.6532616312    0.6532616312
   0.7257624360    0.7257624360    0.7261600231    0.7261600231
   0.7726222078    0.7726222078    0.7730536049    0.7730536049
   0.8049642874    0.8049642874    0.8054207625    0.8054207625
   0.8285253439    0.8285253439    0.8290013267    0.8290013267
   0.8464716210    0.8464716210    0.8469633757    0.8469633757
   0.8606495072    0.8606495072    0.8611544167    0.8611544167
   0.8721829519    0.8721829519    0.8726991061    0.8726991061
   0.8817917026    0.8817917026    0.8823176591    0.8823176591
   0.8899546626    0.8899546626    0.8904892999    0.8904892999
   0.8970073390    0.8970073390    0.8975497669    0.8975497669
   0.9032190707    0.9032190707    0.9037685947    0.9037685947
   0.9900498337    0.0000000000    0.9900498337    0.0000000000
   0.9900498337    0.0000000000    0.9900498337    0.0000000000
   0.9900498337    0.0000000000    0.9900498337    0.0000000000
   0.9900498337    0.0000000000    0.9900498337    0.0000000000
   0.9900498337    0.0000000033    0.9900498337    0.0000000000
   0.9900498337    0.0000006389    0.9900498337    0.0000000000
   0.9900498337    0.0000693921    0.9900498337    0.0000577404
   0.9900498337    0.0018718141    0.9900498337    0.0018601339
   0.9900498337    0.0195406806    0.9900498337    0.0195377905
   0.9900498337    0.1006529492    0.9900498337    0.1006927639
   0.9900498337    0.2809191122    0.9900498337    0.2810565800
   0.4890951130    0.4890951130    0.4893496954    0.4893496954
   0.6361547864    0.6361547864    0.6364972999    0.6364972999
   0.7211862631    0.7211862631    0.7215840467    0.7215840467
   0.7727567478    0.7727567478    0.7731909796    0.7731909796
   0.8069705954    0.8069705954    0.8074308875    0.8074308875
   0.8312079735    0.8312079735    0.8316880336    0.8316880336
   0.8493055909    0.8493055909    0.8498013607    0.8498013607
   0.8633997266    0.8633997266    0.8639084444    0.8639084444
   0.8747514532    0.8747514532    0.8752711506    0.8752711506
   0.8841408737    0.8841408737    0.8846700892    0.8846700892
   0.8920752199    0.8920752199    0.8926128304    0.8926128304
   0.8988972553    0.8988972553    0.8994423721    0.8994423721
   0.9048516059    0.9048516059    0.9054035123    0.9054035123
   0.9101398545    0.9101398545    0.9106979832    0.9106979832
   0.9900498337    0.0000000000    0.9900498337    0.0000000000
   0.9900498337    0.0000000000    0.9900498337    0.0000000000
   0.9900498337    0.0000000000    0.9900498337    0.0000000000
   0.9900498337    0.0000000000    0.9900498337    0.0000000000
   0.9900498337    0.0000002041    0.9900498337    0.0000000000
   0.9900498337    0.0000166991    0.9900498337    0.0000052123
   0.9900498337    0.0009417920    0.9900498337    0.0009290795
   0.9900498337    0.0119606773    0.9900498337    0.0119533524
   0.9900498337    0.0728326249    0.9900498337    0.0728577526
   0.9900498337    0.2340900778    0.9900498337    0.2342035186
   0.4514011798    0.4514011798    0.4516373042    0.4516373042
   0.6199268498    0.6199268498    0.6202629151    0.6202629151
   0.7175793334    0.7175793334    0.7179778237    0.7179778237
   0.7738644449    0.7738644449    0.7743020944    0.7743020944
   0.8097180339    0.8097180339    0.8101826272    0.8101826272
   0.8344204476    0.8344204476    0.8349049554    0.8349049554
   0.8525029469    0.8525029469    0.8530029994    0.8530029994
   0.8663927804    0.8663927804    0.8669054907    0.8669054907
   0.8774717647    0.8774717647    0.8779951201    0.8779951201
   0.8865763156    0.8865763156    0.8871088491    0.8871088491
   0.8942357520    0.8942357520    0.8947763509    0.8947763509
   0.9008016868    0.9008016868    0.9013494796    0.9013494796
   0.9065168117    0.9065168117    0.9070710974    0.9070710974
   0.9115581577    0.9115581577    0.9121183636    0.9121183636
   0.9160762117    0.9160762117    0.9166418805    0.9166418805
   0.9900498337    0.0000000000    0.9900498337    0.0000000000
   0.9900498337    0.0000000000    0.9900498337    0.0000000000
   0.9900498337    0.0000000000    0.9900498337    0.0000000000
   0.9900498337    0.0000000549    0.9900498337    0.0000000000
   0.9900498337    0.0000059039    0.9900498337    0.0000000000
   0.9900498337    0.0004372758    0.9900498337    0.0004236740
   0.9900498337    0.0068931290    0.9900498337    0.0068825110
   0.9900498337    0.0505186999    0.9900498337    0.0505316084
   0.9900498337    0.1894099929    0.9900498337    0.1894999501
   0.9900498337    0.4085741172    0.9900498337    0.4087887634
   0.5989343272    0.5989343272    0.5992615538    0.5992615538
   0.7119663288    0.7119663288    0.7123646903    0.7123646903
   0.7743516098    0.7743516098    0.7747925379    0.7747925379
   0.8121980778    0.8121980778    0.8126669502    0.8126669502
   0.8374619154    0.8374619154    0.8379508332    0.8379508332
   0.8555544050    0.8555544050    0.8560586615    0.8560586615
   0.8692445821    0.8692445821    0.8697611669    0.8697611669
   0.8800565322    0.8800565322    0.8805834005    0.8805834005
   0.8888823402    0.8888823402    0.8894180289    0.8894180289
   0.8962766003    0.8962766003    0.8968200178    0.8968200178
   0.9025993305    0.9025993305    0.9031496323    0.9031496323
   0.9080954398    0.9080954398    0.9086519539    0.9086519539
   0.9129380156    0.9129380156    0.9135001953    0.9135001953
   0.9172565730    0.9172565730    0.9178239686    0.9178239686
   0.9211646301    0.9211646301    0.9217368823    0.9217368823
   0.9900498337    0.0000000000    0.9900498337    0.0000000000
   0.9900498337    0.0000000000    0.9900498337    0.0000000000
   0.9900498337    0.0000000131    0.9900498337    0.0000000000
   0.9900498337    0.0000019105    0.9900498337    0.0000000000
   0.9900498337    0.0001783005    0.9900498337    0.0001641795
   0.9900498337    0.0036873691    0.9900498337    0.0036744771
   0.9900498337    0.0327811515    0.9900498337    0.0327840165
   0.9900498337    0.1460531961    0.9900498337    0.1461195024
   0.9900498337    0.3601976820    0.9900498337    0.3603865509
   0.5728929745    0.5728929745    0.5732074184    0.5732074184
   0.7050095991    0.7050095991    0.7054062629    0.7054062629
   0.7747020315    0.7747020315    0.7751455209    0.7751455209
   0.8147201997    0.8147201997    0.8151928414    0.8151928414
   0.8405188309    0.8405188309    0.8410117126    0.8410117126
   0.8585740481    0.8585740481    0.8590820989    0.8590820989
   0.8720326261    0.8720326261    0.8725527112    0.8725527112
   0.8825595476    0.8825595476    0.8830895916    0.8830895916
   0.8911022454    0.8911022454    0.8916407937    0.8916407937
   0.8982342412    0.8982342412    0.8987802252    0.8987802252
   0.9043232663    0.9043232663    0.9048758716    0.9048758716
   0.9096148552    0.9096148552    0.9101734411    0.9101734411
   0.9142804495    0.9142804495    0.9148444998    0.9148444998
   0.9184439909    0.9184439909    0.9190130816    0.9190130816
   0.9222001507    0.9222001507    0.9227739301    0.9227739301
   0.9256338153    0.9256338153    0.9262119996    0.9262119996
   0.9900498337    0.0000000000    0.9900498337    0.0000000000
   0.9900498337    0.0000000056    0.9900498337    0.0000000000
   0.9900498337    0.0000009719    0.9900498337    0.0000000000
   0.9900498337    0.0000981283    0.9900498337    0.0000835711
   0.9900498337    0.0024698616    0.9900498337    0.0024557587
   0.9900498337    0.0246590944    0.9900498337    0.0246570560
   0.9900498337    0.1219468928    0.9900498337    0.1219999071
   0.9900498337    0.3278875143    0.9900498337    0.3280593767
   0.5526693553    0.5526693553    0.5529743371    0.5529743371
   0.6993648685    0.6993648685    0.6997606592    0.6997606592
   0.7755001021    0.7755001021    0.7759464378    0.7759464378
   0.8173375312    0.8173375312    0.8178139810    0.8178139810
   0.8434861744    0.8434861744    0.8439829242    0.8439829242
   0.8614447595    0.8614447595    0.8619564639    0.8619564639
   0.8746619786    0.8746619786    0.8751854217    0.8751854217
   0.8849197343    0.8849197343    0.8854528348    0.8854528348
   0.8932058755    0.8932058755    0.8937471993    0.8937471993
   0.9001080352    0.9001080352    0.9006565432    0.9006565432
   0.9059956644    0.9059956644    0.9065505719    0.9065505719
   0.9111135725    0.9111135725    0.9116742671    0.9116742671
   0.9156296535    0.9156296535    0.9161956434    0.9161956434
   0.9196636515    0.9196636515    0.9202345323    0.9202345323
   0.9233035099    0.9233035099    0.9238789424    0.9238789424
   0.9266172927    0.9266172927    0.9271969891    0.9271969891
   0.9296680530    0.9296680530    0.9302517756    0.9302517756
   0.9900498337    0.0000000000    0.9900498337    0.0000000000
   0.9900498337    0.0000004942    0.9900498337    0.0000000000
   0.9900498337    0.0000527747    0.9900498337    0.0000377523
   0.9900498337    0.0016523297    0.9900498337    0.0016371700
   0.9900498337    0.0185651927    0.9900498337    0.0185592540
   0.9900498337    0.1022934463    0.9900498337    0.1023354185
   0.9900498337    0.2985309069    0.9900498337    0.2986872333
   0.5316457289    0.5316457289    0.5319408502    0.5319408502
   0.6926663155    0.6926663155    0.6930608490    0.6930608490
   0.7762616933    0.7762616933    0.7767110781    0.7767110781
   0.8202926389    0.8202926389    0.8207732910    0.8207732910
   0.8468346938    0.8468346938    0.8473357198    0.8473357198
   0.8646473647    0.8646473647    0.8651630902    0.8651630902
   0.8775748883    0.8775748883    0.8781020163    0.8781020163
   0.8875224546    0.8875224546    0.8880589027    0.8880589027
   0.8955208482    0.8955208482    0.8960652088    0.8960652088
   0.9021681546    0.9021681546    0.9027194214    0.9027194214
   0.9078340638    0.9078340638    0.9083914839    0.9083914839
   0.9127587020    0.9127587020    0.9133216901    0.9133216901
   0.9171056604    0.9171056604    0.9176737473    0.9176737473
   0.9209898293    0.9209898293    0.9215626288    0.9215626288
   0.9244948332    0.9244948332    0.9250720195    0.9250720195
   0.9276834250    0.9276834250    0.9282647192    0.9282647192
   0.9306055436    0.9306055436    0.9311907042    0.9311907042
   0.9333096528    0.9333096528    0.9338984774    0.9338984774
   0.9900498337    0.0000002621    0.9900498337    0.0000000000
   0.9900498337    0.0000220390    0.9900498337    0.0000066204
   0.9900498337    0.0011706764    0.9900498337    0.0011545552
   0.9900498337    0.0144688515    0.9900498337    0.0144600057
   0.9900498337    0.0864349698    0.9900498337    0.0864677954
   0.9900498337    0.2729612053    0.9900498337    0.2731038931
   0.5127497912    0.5127497912    0.5130362916    0.5130362916
   0.6868882888    0.6868882888    0.6872823535    0.6872823535
   0.7775126169    0.7775126169    0.7779655739    0.7779655739
   0.8237642466    0.8237642466    0.8242496032    0.8242496032
   0.8504708416    0.8504708416    0.8509764473    0.8509764473
   0.8680217008    0.8680217008    0.8685416372    0.8685416372
   0.8805992379    0.8805992379    0.8811301777    0.8811301777
   0.8902050312    0.8902050312    0.8907449182    0.8907449182
   0.8978936914    0.8978936914    0.8984411555    0.8984411555
   0.9042683557    0.9042683557    0.9048224278    0.9048224278
   0.9096960948    0.9096960948    0.9102560551    0.9102560551
   0.9144129451    0.9144129451    0.9149782370    0.9149782370
   0.9185773997    0.9185773997    0.9191475780    0.9191475780
   0.9223007233    0.9223007233    0.9228754223    0.9228754223
   0.9256631392    0.9256631392    0.9262420513    0.9262420513
   0.9287245965    0.9287245965    0.9293074579    0.9293074579
   0.9315312146    0.9315312146    0.9321177961    0.9321177961
   0.9341207559    0.9341207559    0.9347108570    0.9347108570
   0.9365312459    0.9365312459    0.9371246976    0.9371246976
   0.9900498337    0.0000123152    0.9900498337    0.0000000000
   0.9900498337    0.0010058692    0.9900498337    0.0009887061
   0.9900498337    0.0131291724    0.9900498337    0.0131187419
   0.9900498337    0.0822123043    0.9900498337    0.0822425173
   0.9900498337    0.2683035719    0.9900498337    0.2684449432
   0.9900498337    0.5059115325    0.9900498337    0.5061967584
   0.6904853886    0.6904853886    0.6908849421    0.6908849421
   0.7842672091    0.7842672091    0.7847274550    0.7847274550
   0.8295215945    0.8295215945    0.8300132802    0.8300132802
   0.8551320612    0.8551320612    0.8556430080    0.8556430080
   0.8718575235    0.8718575235    0.8723820314    0.8723820314
   0.8838224964    0.8838224964    0.8843574122    0.8843574122
   0.8929612805    0.8929612805    0.8935046707    0.8935046707
   0.9002828921    0.9002828921    0.9008334739    0.9008334739
   0.9063588328    0.9063588328    0.9069156994    0.9069156994
   0.9115375103    0.9115375103    0.9120999883    0.9120999883
   0.9160428166    0.9160428166    0.9166103851    0.9166103851
   0.9200255309    0.9200255309    0.9205977737    0.9205977737
   0.9235909298    0.9235909298    0.9241675045    0.9241675045
   0.9268153530    0.9268153530    0.9273959719    0.9273959719
   0.9297554737    0.9297554737    0.9303398902    0.9303398902
   0.9324546945    0.9324546945    0.9330426936    0.9330426936
   0.9349471123    0.9349471123    0.9355385048    0.9355385048
   0.9372612687    0.9372612687    0.9378558872    0.9378558872
   0.9394268836    0.9394268836    0.9400245855    0.9400245855
   0.9900498337    0.0026375313    0.9900498337    0.0026196490
   0.9900498337    0.0273363655    0.9900498337    0.0273330371
   0.9900498337    0.1374246496    0.9900498337    0.1374877892
   0.9900498337    0.3659864963    0.9900498337    0.3661890313
   0.6033232072    0.6033232072    0.6036722298    0.6036722298
   0.7422259602    0.7422259602    0.7426623682    0.7426623682
   0.8112033750    0.8112033750    0.8116848569    0.8116848569
   0.8440037229    0.8440037229    0.8445081409    0.8445081409
   0.8637386645    0.8637386645    0.8642579899    0.8642579899
   0.8775236788    0.8775236788    0.8780542220    0.8780542220
   0.8879147706    0.8879147706    0.8884543781    0.8884543781
   0.8961388293    0.8961388293    0.8966860776    0.8966860776
   0.9028773094    0.9028773094    0.9034311847    0.9034311847
   0.9085481509    0.9085481509    0.9091078971    0.9091078971
   0.9134242627    0.9134242627    0.9139892967    0.9139892967
   0.9176913713    0.9176913713    0.9182612310    0.9182612310
   0.9214792301    0.9214792301    0.9220535399    0.9220535399
   0.9248811048    0.9248811048    0.9254595528    0.9254595528
   0.9279655058    0.9279655058    0.9285478277    0.9285478277
   0.9307842238    0.9307842238    0.9313701918    0.9313701918
   0.9333769950    0.9333769950    0.9339664099    0.9339664099
   0.9357750945    0.9357750945    0.9363677798    0.9363677798
   0.9380037227    0.9380037227    0.9385995207    0.9385995207
   0.9400845274    0.9400845274    0.9406832970    0.9406832970
   0.9420409866    0.9420409866    0.9426426065    0.9426426065
   0.9900498337    0.1024095014    0.9900498337    0.1024511870
   0.9900498337    0.3132390286    0.9900498337    0.3134107262
   0.9900498337    0.5686302343    0.9900498337    0.5689607551
   0.7371040370    0.7371040370    0.7375406758    0.7375406758
   0.8128290698    0.8128290698    0.8133145710    0.8133145710
   0.8459256647    0.8459256647    0.8464335578    0.8464335578
   0.8641220963    0.8641220963    0.8646432018    0.8646432018
   0.8763780968    0.8763780968    0.8769088122    0.8769088122
   0.8857925881    0.8857925881    0.8863312239    0.8863312239
   0.8935828557    0.8935828557    0.8941284616    0.8941284616
   0.9002377097    0.9002377097    0.9007896107    0.9007896107
   0.9060017454    0.9060017454    0.9065593866    0.9065593866
   0.9110415649    0.9110415649    0.9116044693    0.9116044693
   0.9154872668    0.9154872668    0.9160550220    0.9160550220
   0.9194436836    0.9194436836    0.9200159335    0.9200159335
   0.9229954427    0.9229954427    0.9235718805    0.9235718805
   0.9262100359    0.9262100359    0.9267903959    0.9267903959
   0.9291409759    0.9291409759    0.9297250268    0.9297250268
   0.9318305923    0.9318305923    0.9324181307    0.9324181307
   0.9343127976    0.9343127976    0.9349036435    0.9349036435
   0.9366147975    0.9366147975    0.9372087896    0.9372087896
   0.9387588397    0.9387588397    0.9393558326    0.9393558326
   0.9407633591    0.9407633591    0.9413632212    0.9413632212
   0.9426447565    0.9426447565    0.9432473684    0.9432473684
   0.9444216033    0.9444216033    0.9450268615    0.9450268615
   0.9900498337    0.6935178838    0.9900498337    0.6939298406
   0.7979896309    0.7979896309    0.7984681699    0.7984681699
   0.8384146477    0.8384146477    0.8389195651    0.8389195651
   0.8586604953    0.8586604953    0.8591791897    0.8591791897
   0.8716014100    0.8716014100    0.8721294922    0.8721294922
   0.8806045684    0.8806045684    0.8811397094    0.8811397094
   0.8878599587    0.8878599587    0.8884011724    0.8884011724
   0.8942057273    0.8942057273    0.8947525513    0.8947525513
   0.8998778836    0.8998778836    0.9004299903    0.9004299903
   0.9050034361    0.9050034361    0.9055605542    0.9055605542
   0.9096712240    0.9096712240    0.9102331132    0.9102331132
   0.9139333773    0.9139333773    0.9144998060    0.9144998060
   0.9178258892    0.9178258892    0.9183966277    0.9183966277
   0.9213825362    0.9213825362    0.9219573594    0.9219573594
   0.9246376855    0.9246376855    0.9252163786    0.9252163786
   0.9276252207    0.9276252207    0.9282075824    0.9282075824
   0.9303767808    0.9303767808    0.9309626253    0.9309626253
   0.9329207012    0.9329207012    0.9335098585    0.9335098585
   0.9352816155    0.9352816155    0.9358739302    0.9358739302
   0.9374806920    0.9374806920    0.9380760220    0.9380760220
   0.9395359454    0.9395359454    0.9401341605    0.9401341605
   0.9414627630    0.9414627630    0.9420637435    0.9420637435
   0.9432744190    0.9432744190    0.9438780546    0.9438780546
   0.9449831518    0.9449831518    0.9455893415    0.9455893415
   0.9466036149    0.9466036149    0.9472122699    0.9472122699
   0.8805296379    0.8805296379    0.8810646336    0.8810646336
   0.8841328992    0.8841328992    0.8846706781    0.8846706781
   0.8853037835    0.8853037835    0.8858430224    0.8858430224
   0.8878161143    0.8878161143    0.8883578339    0.8883578339
   0.8920748971    0.8920748971    0.8926203877    0.8926203877
   0.8968191071    0.8968191071    0.8973688402    0.8973688402
   0.9013631835    0.9013631835    0.9019171579    0.9019171579
   0.9056253448    0.9056253448    0.9061834786    0.9061834786
   0.9096463325    0.9096463325    0.9102085502    0.9102085502
   0.9134406118    0.9134406118    0.9140068297    0.9140068297
   0.9170099620    0.9170099620    0.9175800798    0.9175800798
   0.9203578901    0.9203578901    0.9209317927    0.9209317927
   0.9234904379    0.9234904379    0.9240679990    0.9240679990
   0.9264160984    0.9264160984    0.9269971839    0.9269971839
   0.9291459878    0.9291459878    0.9297304611    0.9297304611
   0.9316933991    0.9316933991    0.9322811241    0.9322811241
   0.9340727732    0.9340727732    0.9346636182    0.9346636182
   0.9362986530    0.9362986530    0.9368924918    0.9368924918
   0.9383848745    0.9383848745    0.9389815879    0.9389815879
   0.9403443261    0.9403443261    0.9409438016    0.9409438016
   0.9421886149    0.9421886149    0.9427907473    0.9427907473
   0.9439281714    0.9439281714    0.9445328618    0.9445328618
   0.9455723744    0.9455723744    0.9461795303    0.9461795303
   0.9471302837    0.9471302837    0.9477398194    0.9477398194
   0.9486134214    0.9486134214    0.9492252607    0.9492252607
   0.8927126282    0.8927126282    0.8932588449    0.8932588449
   0.8943195852    0.8943195852    0.8948673849    0.8948673849
   0.8973254437    0.8973254437    0.8978759368    0.8978759368
   0.9005972856    0.9005972856    0.9011508159    0.9011508159
   0.9038738414    0.9038738414    0.9044305443    0.9044305443
   0.9072089608    0.9072089608    0.9077689835    0.9077689835
   0.9105527433    0.9105527433    0.9111161841    0.9111161841
   0.9138228493    0.9138228493    0.9143897373    0.9143897373
   0.9169782775    0.9169782775    0.9175486001    0.9175486001
   0.9200058343    0.9200058343    0.9205795562    0.9205795562
   0.9228989904    0.9228989904    0.9234760593    0.9234760593
   0.9256530774    0.9256530774    0.9262334257    0.9262334257
   0.9282661806    0.9282661806    0.9288497286    0.9288497286
   0.9307393420    0.9307393420    0.9313260011    0.9313260011
   0.9330760819    0.9330760819    0.9336657577    0.9336657577
   0.9352819254    0.9352819254    0.9358745210    0.9358745210
   0.9373637820    0.9373637820    0.9379591998    0.9379591998
   0.9393293545    0.9393293545    0.9399274987    0.9399274987
   0.9411865459    0.9411865459    0.9417873232    0.9417873232
   0.9429432094    0.9429432094    0.9435465299    0.9435465299
   0.9446068413    0.9446068413    0.9452126188    0.9452126188
   0.9461844780    0.9461844780    0.9467926306    0.9467926306
   0.9476827197    0.9476827197    0.9482931694    0.9482931694
   0.9491082548    0.9491082548    0.9497209283    0.9497209283
   0.9504701651    0.9504701651    0.9510849967    0.9510849967
   0.9018130309    0.9018130309    0.9023678736    0.9023678736
   0.9042608105    0.9042608105    0.9048180211    0.9048180211
   0.9067002774    0.9067002774    0.9072599501    0.9072599501
   0.9092995267    0.9092995267    0.9098618643    0.9098618643
   0.9120190912    0.9120190912    0.9125842620    0.9125842620
   0.9147690833    0.9147690833    0.9153371861    0.9153371861
   0.9174993144    0.9174993144    0.9180704044    0.9180704044
   0.9201821732    0.9201821732    0.9207562767    0.9207562767
   0.9227966412    0.9227966412    0.9233737599    0.9233737599
   0.9253279048    0.9253279048    0.9259080208    0.9259080208
   0.9277667643    0.9277667643    0.9283498437    0.9283498437
   0.9301076914    0.9301076914    0.9306936879    0.9306936879
   0.9323476182    0.9323476182    0.9329364753    0.9329364753
   0.9344856292    0.9344856292    0.9350772825    0.9350772825
   0.9365225590    0.9365225590    0.9371169386    0.9371169386
   0.9384608059    0.9384608059    0.9390578383    0.9390578383
   0.9403039093    0.9403039093    0.9409035193    0.9409035193
   0.9420562174    0.9420562174    0.9426583294    0.9426583294
   0.9437224439    0.9437224439    0.9443269831    0.9443269831
   0.9453075393    0.9453075393    0.9459144323    0.9459144323
   0.9468164274    0.9468164274    0.9474256029    0.9474256029
   0.9482539408    0.9482539408    0.9488653298    0.9488653298
   0.9496247703    0.9496247703    0.9502383065    0.9502383065
   0.9509338714    0.9509338714    0.9515494917    0.9515494917
   0.9521885075    0.9521885075    0.9528061550    0.9528061550
   0.9093025106    0.9093025106    0.9098649477    0.9098649477
   0.9114008096    0.9114008096    0.9119654659    0.9119654659
   0.9136763208    0.9136763208    0.9142433879    0.9142433879
   0.9160103195    0.9160103195    0.9165799098    0.9165799098
   0.9183596839    0.9183596839    0.9189318741    0.9189318741
   0.9207122755    0.9207122755    0.9212871264    0.9212871264
   0.9230477896    0.9230477896    0.9236253410    0.9236253410
   0.9253451625    0.9253451625    0.9259254320    0.9259254320
   0.9275896618    0.9275896618    0.9281726497    0.9281726497
   0.9297715011    0.9297715011    0.9303571935    0.9303571935
   0.9318836591    0.9318836591    0.9324720302    0.9324720302
   0.9339213091    0.9339213091    0.9345123231    0.9345123231
   0.9358815287    0.9358815287    0.9364751415    0.9364751415
   0.9377630181    0.9377630181    0.9383591796    0.9383591796
   0.9395657617    0.9395657617    0.9401644165    0.9401644165
   0.9412908731    0.9412908731    0.9418919628    0.9418919628
   0.9429403145    0.9429403145    0.9435437784    0.9435437784
   0.9445166949    0.9445166949    0.9451224714    0.9451224714
   0.9460230235    0.9460230235    0.9466310510    0.9466310510
   0.9474625623    0.9474625623    0.9480727796    0.9480727796
   0.9488386710    0.9488386710    0.9494510179    0.9494510179
   0.9501547469    0.9501547469    0.9507691645    0.9507691645
   0.9514141873    0.9514141873    0.9520306185    0.9520306185
   0.9526207634    0.9526207634    0.9532391534    0.9532391534
   0.9537803327    0.9537803327    0.9544006318    0.9544006318
