               -41.674115                -42.025794                -41.674115
               -41.604596                -41.952278                -41.604596
               -41.545409                -41.890202                -41.545409
               -41.499992                -41.843300                -41.499992
               -41.472085                -41.815640                -41.472085
               -41.467633                -41.809028                -41.467633
               -41.502246                -41.819766                -41.502246
               -41.548251                -41.841865                -41.548251
               -41.602556                -41.871812                -41.602556
               -41.664348                -41.908560                -41.664348
               -41.733745                -41.952060                -41.733745
               -41.811205                -42.002600                -41.811205
               -41.897355                -42.060578                -41.897355
               -41.992949                -42.125713                -41.992949
               -42.098874                -42.192644                -42.098874
               -42.216157                -42.242533                -42.216157
               -42.250276                -42.250276                -42.345987
               -42.209907                -42.209907                -42.489749
               -42.134553                -42.134553                -42.649075
               -42.037611                -42.037611                -42.825891
               -41.927296                -41.927296                -43.022489
               -41.808626                -41.808626                -43.241612
               -41.684782                -41.684782                -43.486528
               -41.557811                -41.557811                -43.760879
               -41.429070                -41.429070                -44.067414
               -41.674115                -42.010807                -41.674115
               -41.604596                -41.937769                -41.604596
               -41.545409                -41.876154                -41.545409
               -41.499992                -41.829697                -41.499992
               -41.472085                -41.802467                -41.472085
               -41.467633                -41.796270                -41.467633
               -41.502246                -41.807409                -41.502246
               -41.548251                -41.829895                -41.548251
               -41.602556                -41.860216                -41.602556
               -41.664348                -41.897326                -41.664348
               -41.733745                -41.941174                -41.733745
               -41.811205                -41.992048                -41.811205
               -41.897355                -42.050195                -41.897355
               -41.992949                -42.113997                -41.992949
               -42.098874                -42.172995                -42.098874
               -42.202886                -42.202886                -42.216157
               -42.184192                -42.184192                -42.345987
               -42.121793                -42.121793                -42.489749
               -42.031367                -42.031367                -42.649075
               -41.924260                -41.924260                -42.825891
               -41.807080                -41.807080                -43.022489
               -41.683842                -41.683842                -43.241612
               -41.557044                -41.557044                -43.486528
               -41.428263                -41.428263                -43.760879
               -41.298501                -41.298501                -44.067414
               -41.674115                -41.996124                -41.674115
               -41.604596                -41.923549                -41.604596
               -41.545409                -41.862382                -41.545409
               -41.499992                -41.816358                -41.499992
               -41.472085                -41.789545                -41.472085
               -41.467633                -41.783752                -41.467633
               -41.502246                -41.795281                -41.502246
               -41.548251                -41.818143                -41.548251
               -41.602556                -41.848828                -41.602556
               -41.664348                -41.886289                -41.664348
               -41.733745                -41.930478                -41.733745
               -41.811205                -41.981650                -41.811205
               -41.897355                -42.039603                -41.897355
               -41.992949                -42.099820                -41.992949
               -42.098874                -42.144954                -42.098874
               -42.149174                -42.149174                -42.216157
               -42.103915                -42.103915                -42.345987
               -42.022300                -42.022300                -42.489749
               -41.919315                -41.919315                -42.649075
               -41.804000                -41.804000                -42.825891
               -41.681512                -41.681512                -43.022489
               -41.554937                -41.554937                -43.241612
               -41.426159                -41.426159                -43.486528
               -41.296338                -41.296338                -43.760879
               -41.166176                -41.166176                -44.067414
               -41.674115                -41.981736                -41.674115
               -41.604596                -41.909611                -41.604596
               -41.545409                -41.848879                -41.545409
               -41.499992                -41.803274                -41.499992
               -41.472085                -41.776868                -41.472085
               -41.467633                -41.771466                -41.467633
               -41.502246                -41.783374                -41.502246
               -41.548251                -41.806603                -41.548251
               -41.602556                -41.837642                -41.602556
               -41.664348                -41.875446                -41.664348
               -41.733745                -41.919962                -41.733745
               -41.811205                -41.971328                -41.811205
               -41.897355                -42.028127                -41.897355
               -41.992949                -42.080655                -41.992949
               -42.098874                -42.104784                -42.098874
               -42.079660                -42.079660                -42.216157
               -42.009811                -42.009811                -42.345987
               -41.912254                -41.912254                -42.489749
               -41.799313                -41.799313                -42.649075
               -41.677764                -41.677764                -42.825891
               -41.551473                -41.551473                -43.022489
               -41.422711                -41.422711                -43.241612
               -41.292837                -41.292837                -43.486528
               -41.162661                -41.162661                -43.760879
               -41.032642                -41.032642                -44.067414
               -41.674115                -41.967635                -41.674115
               -41.604596                -41.895946                -41.604596
               -41.545409                -41.835636                -41.545409
               -41.499992                -41.790439                -41.499992
               -41.472085                -41.764427                -41.472085
               -41.467633                -41.759407                -41.467633
               -41.502246                -41.771683                -41.502246
               -41.548251                -41.795268                -41.548251
               -41.602556                -41.826652                -41.602556
               -41.664348                -41.864789                -41.664348
               -41.733745                -41.909599                -41.733745
               -41.811205                -41.960752                -41.811205
               -41.897355                -42.013750                -41.897355
               -41.992949                -42.051276                -41.992949
               -42.047159                -42.047159                -42.098874
               -41.992893                -41.992893                -42.216157
               -41.902804                -41.902804                -42.345987
               -41.792947                -41.792947                -42.489749
               -41.672580                -41.672580                -42.649075
               -41.546646                -41.546646                -42.825891
               -41.417917                -41.417917                -43.022489
               -41.287986                -41.287986                -43.241612
               -41.157780                -41.157780                -43.486528
               -41.027833                -41.027833                -43.760879
               -40.898408                -40.898408                -44.067414
               -41.674115                -41.953811                -41.674115
               -41.604596                -41.882547                -41.604596
               -41.545409                -41.822646                -41.545409
               -41.499992                -41.777845                -41.499992
               -41.472085                -41.752217                -41.472085
               -41.467633                -41.747567                -41.467633
               -41.502246                -41.760202                -41.502246
               -41.548251                -41.784135                -41.548251
               -41.602556                -41.815854                -41.602556
               -41.664348                -41.854313                -41.664348
               -41.733745                -41.899295                -41.733745
               -41.811205                -41.949106                -41.811205
               -41.897355                -41.993416                -41.897355
               -41.992949                -42.007414                -41.992949
               -41.970987                -41.970987                -42.098874
               -41.890673                -41.890673                -42.216157
               -41.784820                -41.784820                -42.345987
               -41.665937                -41.665937                -42.489749
               -41.540447                -41.540447                -42.649075
               -41.411770                -41.411770                -42.825891
               -41.281785                -41.281785                -43.022489
               -41.151546                -41.151546                -43.241612
               -41.021644                -41.021644                -43.486528
               -40.892400                -40.892400                -43.760879
               -40.763931                -40.763931                -44.067414
               -41.674115                -41.940258                -41.674115
               -41.604596                -41.869405                -41.604596
               -41.545409                -41.809902                -41.545409
               -41.499992                -41.765487                -41.499992
               -41.472085                -41.740231                -41.472085
               -41.467633                -41.735942                -41.467633
               -41.502246                -41.748926                -41.502246
               -41.548251                -41.773196                -41.548251
               -41.602556                -41.805242                -41.602556
               -41.664348                -41.843977                -41.664348
               -41.733745                -41.888588                -41.733745
               -41.811205                -41.933640                -41.811205
               -41.897355                -41.960223                -41.897355
               -41.942442                -41.942442                -41.992949
               -41.875020                -41.875020                -42.098874
               -41.774716                -41.774716                -42.216157
               -41.657779                -41.657779                -42.345987
               -41.532867                -41.532867                -42.489749
               -41.404269                -41.404269                -42.649075
               -41.274235                -41.274235                -42.825891
               -41.143966                -41.143966                -43.022489
               -41.014111                -41.014111                -43.241612
               -40.885015                -40.885015                -43.486528
               -40.756843                -40.756843                -43.760879
               -40.629607                -40.629607                -44.067414
               -41.674115                -41.926966                -41.674115
               -41.604596                -41.856513                -41.604596
               -41.545409                -41.797397                -41.545409
               -41.499992                -41.753356                -41.499992
               -41.472085                -41.728463                -41.472085
               -41.467633                -41.724525                -41.467633
               -41.502246                -41.737849                -41.502246
               -41.548251                -41.762448                -41.548251
               -41.602556                -41.794806                -41.602556
               -41.664348                -41.833629                -41.664348
               -41.733745                -41.876217                -41.733745
               -41.811205                -41.909977                -41.811205
               -41.897355                -41.908712                -41.897355
               -41.855908                -41.855908                -41.992949
               -41.762665                -41.762665                -42.098874
               -41.648160                -41.648160                -42.216157
               -41.523922                -41.523922                -42.345987
               -41.395417                -41.395417                -42.489749
               -41.265332                -41.265332                -42.649075
               -41.135039                -41.135039                -42.825891
               -41.005244                -41.005244                -43.022489
               -40.876305                -40.876305                -43.241612
               -40.748394                -40.748394                -43.486528
               -40.621565                -40.621565                -43.760879
               -40.495764                -40.495764                -44.067414
               -41.674115                -41.913929                -41.674115
               -41.604596                -41.843864                -41.604596
               -41.545409                -41.785124                -41.545409
               -41.499992                -41.741448                -41.499992
               -41.472085                -41.716907                -41.472085
               -41.467633                -41.713311                -41.467633
               -41.502246                -41.726965                -41.502246
               -41.548251                -41.751884                -41.548251
               -41.602556                -41.784474                -41.602556
               -41.664348                -41.822484                -41.664348
               -41.733745                -41.858052                -41.733745
               -41.811205                -41.869095                -41.811205
               -41.831877                -41.831877                -41.897355
               -41.747965                -41.747965                -41.992949
               -41.636852                -41.636852                -42.098874
               -41.513542                -41.513542                -42.216157
               -41.385188                -41.385188                -42.345987
               -41.255067                -41.255067                -42.489749
               -41.124761                -41.124761                -42.649075
               -40.995043                -40.995043                -42.825891
               -40.866284                -40.866284                -43.022489
               -40.738649                -40.738649                -43.241612
               -40.612191                -40.612191                -43.486528
               -40.486897                -40.486897                -43.760879
               -40.362669                -40.362669                -44.067414
               -41.674115                -41.901139                -41.674115
               -41.604596                -41.831452                -41.604596
               -41.545409                -41.773077                -41.545409
               -41.499992                -41.729755                -41.499992
               -41.472085                -41.705557                -41.472085
               -41.467633                -41.702294                -41.467633
               -41.502246                -41.716271                -41.502246
               -41.548251                -41.741480                -41.548251
               -41.602556                -41.773911                -41.602556
               -41.664348                -41.808200                -41.664348
               -41.733745                -41.827371                -41.733745
               -41.804594                -41.804594                -41.811205
               -41.731186                -41.731186                -41.897355
               -41.624166                -41.624166                -41.992949
               -41.501889                -41.501889                -42.098874
               -41.373651                -41.373651                -42.216157
               -41.243464                -41.243464                -42.345987
               -41.113138                -41.113138                -42.489749
               -40.983511                -40.983511                -42.649075
               -40.854956                -40.854956                -42.825891
               -40.727625                -40.727625                -43.022489
               -40.601558                -40.601558                -43.241612
               -40.476736                -40.476736                -43.486528
               -40.353101                -40.353101                -43.760879
               -40.230532                -40.230532                -44.067414
               -41.674115                -41.888589                -41.674115
               -41.604596                -41.819269                -41.604596
               -41.545409                -41.761250                -41.545409
               -41.499992                -41.718273                -41.499992
               -41.472085                -41.694409                -41.472085
               -41.467633                -41.691469                -41.467633
               -41.502246                -41.705755                -41.502246
               -41.548251                -41.731073                -41.548251
               -41.602556                -41.761573                -41.602556
               -41.664348                -41.784276                -41.664348
               -41.733745                -41.773215                -41.733745
               -41.711186                -41.711186                -41.811205
               -41.609508                -41.609508                -41.897355
               -41.488680                -41.488680                -41.992949
               -41.360661                -41.360661                -42.098874
               -41.230446                -41.230446                -42.216157
               -41.100134                -41.100134                -42.345987
               -40.970632                -40.970632                -42.489749
               -40.842319                -40.842319                -42.649075
               -40.715331                -40.715331                -42.825891
               -40.589690                -40.589690                -43.022489
               -40.465360                -40.465360                -43.241612
               -40.342284                -40.342284                -43.486528
               -40.220380                -40.220380                -43.760879
               -40.099515                -40.099515                -44.067414
               -41.674115                -41.876273                -41.674115
               -41.604596                -41.807310                -41.604596
               -41.545409                -41.749637                -41.545409
               -41.499992                -41.706995                -41.499992
               -41.472085                -41.683456                -41.472085
               -41.467633                -41.680831                -41.467633
               -41.502246                -41.695336                -41.502246
               -41.548251                -41.719725                -41.548251
               -41.602556                -41.742445                -41.602556
               -41.664348                -41.739902                -41.664348
               -41.688920                -41.688920                -41.733745
               -41.593323                -41.593323                -41.811205
               -41.474201                -41.474201                -41.897355
               -41.346393                -41.346393                -41.992949
               -41.216121                -41.216121                -42.098874
               -41.085814                -41.085814                -42.216157
               -40.956450                -40.956450                -42.345987
               -40.828405                -40.828405                -42.489749
               -40.701791                -40.701791                -42.649075
               -40.576608                -40.576608                -42.825891
               -40.452803                -40.452803                -43.022489
               -40.330302                -40.330302                -43.241612
               -40.209025                -40.209025                -43.486528
               -40.088881                -40.088881                -43.760879
               -39.969733                -39.969733                -44.067414
               -41.674115                -41.864184                -41.674115
               -41.604596                -41.795568                -41.604596
               -41.545409                -41.738232                -41.545409
               -41.499992                -41.695916                -41.499992
               -41.472085                -41.672694                -41.472085
               -41.467633                -41.670342                -41.467633
               -41.502246                -41.684511                -41.502246
               -41.548251                -41.703975                -41.548251
               -41.602556                -41.706567                -41.602556
               -41.664348                -41.665186                -41.664348
               -41.575863                -41.575863                -41.733745
               -41.458577                -41.458577                -41.811205
               -41.330907                -41.330907                -41.897355
               -41.200516                -41.200516                -41.992949
               -41.070194                -41.070194                -42.098874
               -40.940976                -40.940976                -42.216157
               -40.813223                -40.813223                -42.345987
               -40.687015                -40.687015                -42.489749
               -40.562325                -40.562325                -42.649075
               -40.439077                -40.439077                -42.825891
               -40.317182                -40.317182                -43.022489
               -40.196550                -40.196550                -43.241612
               -40.077090                -40.077090                -43.486528
               -39.958709                -39.958709                -43.760879
               -39.841274                -39.841274                -44.067414
               -41.674115                -41.852316                -41.674115
               -41.604596                -41.784037                -41.604596
               -41.545409                -41.727029                -41.545409
               -41.499992                -41.685031                -41.499992
               -41.472085                -41.662104                -41.472085
               -41.467633                -41.659689                -41.467633
               -41.502246                -41.670587                -41.502246
               -41.548251                -41.673772                -41.548251
               -41.602556                -41.639426                -41.602556
               -41.556272                -41.556272                -41.664348
               -41.441215                -41.441215                -41.733745
               -41.313822                -41.313822                -41.811205
               -41.183375                -41.183375                -41.897355
               -41.053100                -41.053100                -41.992949
               -40.924096                -40.924096                -42.098874
               -40.796700                -40.796700                -42.216157
               -40.670962                -40.670962                -42.345987
               -40.546821                -40.546821                -42.489749
               -40.424183                -40.424183                -42.649075
               -40.302940                -40.302940                -42.825891
               -40.182990                -40.182990                -43.022489
               -40.064235                -40.064235                -43.241612
               -39.946586                -39.946586                -43.486528
               -39.829949                -39.829949                -43.760879
               -39.714198                -39.714198                -44.067414
               -41.674115                -41.840662                -41.674115
               -41.604596                -41.772712                -41.604596
               -41.545409                -41.716023                -41.545409
               -41.499992                -41.674329                -41.499992
               -41.472085                -41.651481                -41.472085
               -41.467633                -41.646873                -41.467633
               -41.502246                -41.644781                -41.502246
               -41.548251                -41.614018                -41.548251
               -41.535899                -41.535899                -41.602556
               -41.422841                -41.422841                -41.664348
               -41.295613                -41.295613                -41.733745
               -41.165057                -41.165057                -41.811205
               -41.034826                -41.034826                -41.897355
               -40.906056                -40.906056                -41.992949
               -40.779047                -40.779047                -42.098874
               -40.653808                -40.653808                -42.216157
               -40.530246                -40.530246                -42.345987
               -40.408241                -40.408241                -42.489749
               -40.287670                -40.287670                -42.649075
               -40.168416                -40.168416                -42.825891
               -40.050375                -40.050375                -43.022489
               -39.933452                -39.933452                -43.241612
               -39.817561                -39.817561                -43.486528
               -39.702614                -39.702614                -43.760879
               -39.588493                -39.588493                -44.067414
               -41.674115                -41.829218                -41.674115
               -41.604596                -41.761588                -41.604596
               -41.545409                -41.705207                -41.545409
               -41.499992                -41.663680                -41.499992
               -41.472085                -41.639386                -41.472085
               -41.467633                -41.624489                -41.467633
               -41.502246                -41.591623                -41.502246
               -41.515985                -41.515985                -41.548251
               -41.404007                -41.404007                -41.602556
               -41.276495                -41.276495                -41.664348
               -41.145602                -41.145602                -41.733745
               -41.015326                -41.015326                -41.811205
               -40.886769                -40.886769                -41.897355
               -40.760158                -40.760158                -41.992949
               -40.635441                -40.635441                -42.098874
               -40.512484                -40.512484                -42.216157
               -40.391139                -40.391139                -42.345987
               -40.271264                -40.271264                -42.489749
               -40.152730                -40.152730                -42.649075
               -40.035424                -40.035424                -42.825891
               -39.919247                -39.919247                -43.022489
               -39.804111                -39.804111                -43.241612
               -39.689934                -39.689934                -43.486528
               -39.576638                -39.576638                -43.760879
               -39.464113                -39.464113                -44.067414
               -41.674115                -41.817977                -41.674115
               -41.604596                -41.750657                -41.604596
               -41.545409                -41.694492                -41.545409
               -41.499992                -41.651981                -41.499992
               -41.472085                -41.619254                -41.472085
               -41.467633                -41.576068                -41.467633
               -41.497642                -41.497642                -41.502246
               -41.384830                -41.384830                -41.548251
               -41.256417                -41.256417                -41.602556
               -41.124964                -41.124964                -41.664348
               -40.994570                -40.994570                -41.733745
               -40.866216                -40.866216                -41.811205
               -40.740019                -40.740019                -41.897355
               -40.615853                -40.615853                -41.992949
               -40.493534                -40.493534                -42.098874
               -40.372883                -40.372883                -42.216157
               -40.253737                -40.253737                -42.345987
               -40.135956                -40.135956                -42.489749
               -40.019417                -40.019417                -42.649075
               -39.904015                -39.904015                -42.825891
               -39.789658                -39.789658                -43.022489
               -39.676265                -39.676265                -43.241612
               -39.563763                -39.563763                -43.486528
               -39.452079                -39.452079                -43.760879
               -39.341111                -39.341111                -44.067414
               -41.674115                -41.806934                -41.674115
               -41.604596                -41.739851                -41.604596
               -41.545409                -41.682919                -41.545409
               -41.499992                -41.632912                -41.499992
               -41.472085                -41.573250                -41.472085
               -41.467633                -41.483847                -41.467633
               -41.365791                -41.365791                -41.502246
               -41.235226                -41.235226                -41.548251
               -41.102968                -41.102968                -41.602556
               -40.972452                -40.972452                -41.664348
               -40.844353                -40.844353                -41.733745
               -40.718629                -40.718629                -41.811205
               -40.595064                -40.595064                -41.897355
               -40.473428                -40.473428                -41.992949
               -40.353509                -40.353509                -42.098874
               -40.235127                -40.235127                -42.216157
               -40.118129                -40.118129                -42.345987
               -40.002384                -40.002384                -42.489749
               -39.887781                -39.887781                -42.649075
               -39.774225                -39.774225                -42.825891
               -39.661632                -39.661632                -43.022489
               -39.549930                -39.549930                -43.241612
               -39.439051                -39.439051                -43.486528
               -39.328930                -39.328930                -43.760879
               -39.219472                -39.219472                -44.067414
               -41.674115                -41.795942                -41.674115
               -41.604596                -41.727387                -41.604596
               -41.545409                -41.660022                -41.545409
               -41.499992                -41.578136                -41.499992
               -41.470046                -41.470046                -41.472085
               -41.343036                -41.343036                -41.467633
               -41.210161                -41.210161                -41.502246
               -41.077992                -41.077992                -41.548251
               -40.948102                -40.948102                -41.602556
               -40.820730                -40.820730                -41.664348
               -40.695757                -40.695757                -41.733745
               -40.572962                -40.572962                -41.811205
               -40.452113                -40.452113                -41.897355
               -40.332998                -40.332998                -41.992949
               -40.215431                -40.215431                -42.098874
               -40.099254                -40.099254                -42.216157
               -39.984334                -39.984334                -42.345987
               -39.870556                -39.870556                -42.489749
               -39.757822                -39.757822                -42.649075
               -39.646048                -39.646048                -42.825891
               -39.535160                -39.535160                -43.022489
               -39.425091                -39.425091                -43.241612
               -39.315784                -39.315784                -43.486528
               -39.207176                -39.207176                -43.760879
               -39.099184                -39.099184                -44.067414
               -41.674115                -41.777911                -41.674115
               -41.604596                -41.686177                -41.604596
               -41.545409                -41.573944                -41.545409
               -41.445537                -41.445537                -41.499992
               -41.311904                -41.311904                -41.472085
               -41.179006                -41.179006                -41.467633
               -41.048394                -41.048394                -41.502246
               -40.920260                -40.920260                -41.548251
               -40.794471                -40.794471                -41.602556
               -40.670842                -40.670842                -41.664348
               -40.549203                -40.549203                -41.733745
               -40.429386                -40.429386                -41.811205
               -40.311230                -40.311230                -41.897355
               -40.194579                -40.194579                -41.992949
               -40.079292                -40.079292                -42.098874
               -39.965246                -39.965246                -42.216157
               -39.852329                -39.852329                -42.345987
               -39.740446                -39.740446                -42.489749
               -39.629513                -39.629513                -42.649075
               -39.519458                -39.519458                -42.825891
               -39.410214                -39.410214                -43.022489
               -39.301725                -39.301725                -43.241612
               -39.193936                -39.193936                -43.486528
               -39.086794                -39.086794                -43.760879
               -38.980220                -38.980220                -44.067414
               -41.674115                -41.676114                -41.674115
               -41.541647                -41.541647                -41.604596
               -41.406800                -41.406800                -41.545409
               -41.273667                -41.273667                -41.499992
               -41.143012                -41.143012                -41.472085
               -41.014965                -41.014965                -41.467633
               -40.889209                -40.889209                -41.502246
               -40.765479                -40.765479                -41.548251
               -40.643619                -40.643619                -41.602556
               -40.523501                -40.523501                -41.664348
               -40.405008                -40.405008                -41.733745
               -40.288028                -40.288028                -41.811205
               -40.172448                -40.172448                -41.897355
               -40.058161                -40.058161                -41.992949
               -39.945065                -39.945065                -42.098874
               -39.833065                -39.833065                -42.216157
               -39.722075                -39.722075                -42.345987
               -39.612015                -39.612015                -42.489749
               -39.502817                -39.502817                -42.649075
               -39.394418                -39.394418                -42.825891
               -39.286762                -39.286762                -43.022489
               -39.179797                -39.179797                -43.241612
               -39.073477                -39.073477                -43.486528
               -38.967752                -38.967752                -43.760879
               -38.862553                -38.862553                -44.067414
               -41.490957                -41.490957                -41.674115
               -41.359549                -41.359549                -41.604596
               -41.230808                -41.230808                -41.545409
               -41.104143                -41.104143                -41.499992
               -40.979190                -40.979190                -41.472085
               -40.855931                -40.855931                -41.467633
               -40.734361                -40.734361                -41.502246
               -40.614403                -40.614403                -41.548251
               -40.495967                -40.495967                -41.602556
               -40.378967                -40.378967                -41.664348
               -40.263324                -40.263324                -41.733745
               -40.148957                -40.148957                -41.811205
               -40.035786                -40.035786                -41.897355
               -39.923733                -39.923733                -41.992949
               -39.812720                -39.812720                -42.098874
               -39.702676                -39.702676                -42.216157
               -39.593531                -39.593531                -42.345987
               -39.485223                -39.485223                -42.489749
               -39.377694                -39.377694                -42.649075
               -39.270891                -39.270891                -42.825891
               -39.164765                -39.164765                -43.022489
               -39.059273                -39.059273                -43.241612
               -38.954373                -38.954373                -43.486528
               -38.850022                -38.850022                -43.760879
               -38.746154                -38.746154                -44.067414
               -41.311950                -41.311950                -41.674115
               -41.187440                -41.187440                -41.604596
               -41.063993                -41.063993                -41.545409
               -40.941841                -40.941841                -41.499992
               -40.821059                -40.821059                -41.472085
               -40.701652                -40.701652                -41.467633
               -40.583604                -40.583604                -41.502246
               -40.466883                -40.466883                -41.548251
               -40.351437                -40.351437                -41.602556
               -40.237209                -40.237209                -41.664348
               -40.124139                -40.124139                -41.733745
               -40.012167                -40.012167                -41.811205
               -39.901232                -39.901232                -41.897355
               -39.791272                -39.791272                -41.992949
               -39.682228                -39.682228                -42.098874
               -39.574043                -39.574043                -42.216157
               -39.466661                -39.466661                -42.345987
               -39.360032                -39.360032                -42.489749
               -39.254106                -39.254106                -42.649075
               -39.148839                -39.148839                -42.825891
               -39.044190                -39.044190                -43.022489
               -38.940121                -38.940121                -43.241612
               -38.836595                -38.836595                -43.486528
               -38.733572                -38.733572                -43.760879
               -38.630995                -38.630995                -44.067414
               -41.143995                -41.143995                -41.674115
               -41.023256                -41.023256                -41.604596
               -40.903576                -40.903576                -41.545409
               -40.785044                -40.785044                -41.499992
               -40.667688                -40.667688                -41.472085
               -40.551510                -40.551510                -41.467633
               -40.436494                -40.436494                -41.502246
               -40.322611                -40.322611                -41.548251
               -40.209825                -40.209825                -41.602556
               -40.098091                -40.098091                -41.664348
               -39.987364                -39.987364                -41.733745
               -39.877596                -39.877596                -41.811205
               -39.768737                -39.768737                -41.897355
               -39.660738                -39.660738                -41.992949
               -39.553552                -39.553552                -42.098874
               -39.447130                -39.447130                -42.216157
               -39.341430                -39.341430                -42.345987
               -39.236406                -39.236406                -42.489749
               -39.132019                -39.132019                -42.649075
               -39.028230                -39.028230                -42.825891
               -38.925005                -38.925005                -43.022489
               -38.822310                -38.822310                -43.241612
               -38.720112                -38.720112                -43.486528
               -38.618377                -38.618377                -43.760879
               -38.517052                -38.517052                -44.067414
               -40.981969                -40.981969                -41.674115
               -40.864593                -40.864593                -41.604596
               -40.748150                -40.748150                -41.545409
               -40.632726                -40.632726                -41.499992
               -40.518340                -40.518340                -41.472085
               -40.404988                -40.404988                -41.467633
               -40.292653                -40.292653                -41.502246
               -40.181308                -40.181308                -41.548251
               -40.070923                -40.070923                -41.602556
               -39.961462                -39.961462                -41.664348
               -39.852887                -39.852887                -41.733745
               -39.745159                -39.745159                -41.811205
               -39.638236                -39.638236                -41.897355
               -39.532078                -39.532078                -41.992949
               -39.426645                -39.426645                -42.098874
               -39.321897                -39.321897                -42.216157
               -39.217798                -39.217798                -42.345987
               -39.114310                -39.114310                -42.489749
               -39.011400                -39.011400                -42.649075
               -38.909033                -38.909033                -42.825891
               -38.807180                -38.807180                -43.022489
               -38.705811                -38.705811                -43.241612
               -38.604898                -38.604898                -43.486528
               -38.504410                -38.504410                -43.760879
               -38.404298                -38.404298                -44.067414
